565652
574548
574550
574551
574552
574554
574555
574556
574557
574558
574559
574560
574561
574562
574563
574564
574565
574566
574567
574568
574569
574570
574571
574572
574573
574574
574575
574576
574577
574578
574579
574580
574581
574583
574584
574585
574586
574587
574588
574589
574590
574591
574592
574593
574594
574595
574596
574597
574599
574600
574602
574603
574604
574605
574606
574607
574608
574609
574610
574611
574612
574613
574614
574615
574616
574617
574618
574619
574620
574621
574623
574624
574625
574626
574627
574628
574629
574630
574631
574632
574633
574634
574635
574636
574637
574638
574639
574640
574641
574642
574643
574644
574645
574646
574647
574648
574649
574650
574651
574652
574653
574654
574655
574656
574657
574658
574659
574660
574661
574662
574663
574664
574665
574666
574667
574668
574669
574670
574671
574672
574673
574674
574675
574676
574677
574678
574679
574680
574681
574682
574683
574684
574692
574693
574694
574696
574697
574698
574699
574700
574701
574702
574703
574704
574705
574706
574707
574708
574709
574710
574711
574712
574713
574714
574715
574716
574717
574718
574719
574720
574721
574722
574723
574724
574725
574726
574727
574728
574729
574730
574731
574733
574734
574735
574736
574737
574738
574739
574740
574741
574742
574743
574744
574745
574746
574747
574748
574749
574750
574751
574752
574753
574754
574755
574756
574757
574758
574759
574760
574761
574762
574764
574765
574766
574767
574768
574769
574770
574771
574772
574773
574774
574775
574776
574777
574778
574779
574780
574781
574782
574783
574784
574785
574787
574788
574789
574790
574791
574792
574793
574794
574795
574796
574797
574799
574800
574801
574802
574803
574804
574805
574806
574807
574809
574810
574811
574812
574813
574814
574815
574816
574817
574818
574819
574821
574822
574823
574824
574825
574826
574827
574828
574829
574830
574831
574832
574833
574834
574835
574836
574837
574838
574839
574840
574841
574844
574847
574857
574875
574876
574878
574881
574882
574883
574886
574887
574893
574895
574899
574900
574902
574903
574905
574909
574915
574916
574917
574919
574921
574922
574924
574925
574926
574928
574929
574930
574931
574934
574935
574937
574938
574939
574943
574944
574945
574948
574949
574951
574953
574954
574955
574959
574962
574964
574967
574969
574971
574972
574974
574975
574976
574977
574978
574980
574981
574982
574983
574985
574988
574991
574992
574994
574995
574999
575000
575001
575002
575004
575006
575009
575010
575012
575013
575016
575022
575023
575024
575026
575027
575028
575030
575031
575032
575033
575034
575036
575037
575038
575040
575042
575044
575045
575048
575050
575051
575054
575055
575056
575057
575059
575061
575063
575064
575065
575066
575067
575068
575069
575070
575073
575079
575081
575082
575084
575085
575087
575088
575089
575091
575092
575093
575094
575095
575096
575098
575101
575102
575103
575109
575110
575111
575112
575114
575116
575117
575118
575121
575122
575123
575124
575125
575126
575127
575128
575129
575130
575131
575132
575133
575134
575135
575136
575137
575138
575139
575140
575141
575142
575143
575144
575145
575146
575147
575148
575149
575150
575151
575152
575153
575154
575155
575156
575157
575158
575159
575160
575161
575162
575163
575164
575165
575166
575167
575168
575170
575174
575175
575176
575177
575178
575181
575182
575183
575184
575185
575189
575190
575191
575192
575193
575194
575197
575202
575203
575204
575206
575207
575208
575209
575210
575211
575212
575213
575214
575216
575217
575218
575219
575220
575221
575222
575223
575224
575225
575226
575227
575228
575229
575230
575231
575232
575233
575234
575235
575236
575245
575246
575251
575252
575253
575254
575255
575256
575257
575259
575260
575261
575262
575263
575264
575265
575266
575267
575269
575270
575274
575277
575281
575282
575283
575284
575285
575286
575287
575288
575290
575291
575292
575294
575295
575296
575297
575298
575299
575300
575301
575302
575303
575304
575305
575306
575307
575308
575309
575310
575311
575312
575313
575314
575315
575316
575317
575318
575319
575320
575321
575322
575323
575324
575325
575326
575327
575328
575329
575330
575331
575332
575333
575334
575335
575336
575337
575338
575339
575340
575341
575342
575343
575344
575345
575351
575354
575355
575356
575357
575358
575360
575361
575363
575366
575367
575368
575369
575370
575371
575372
575373
575374
575375
575376
575377
575378
575379
575380
575381
575382
575383
575384
575385
575386
575387
575388
575389
575390
575391
575393
575394
575395
575396
575397
575398
575399
575400
575401
575402
575403
575405
575406
575407
575408
575409
575411
575412
575413
575414
575415
575416
575417
575418
575419
575420
575421
575422
575423
575424
575425
575426
575427
575428
575429
575430
575431
575432
575433
575434
575435
575436
575439
575441
575442
575447
575448
575449
575450
575451
575452
575453
575454
575456
575458
575459
575460
575462
575463
575464
575465
575466
575468
575469
575470
575471
575473
575474
575475
575476
575477
575478
575479
575484
575485
575486
575487
575488
575490
575491
575492
575493
575495
575496
575497
575498
575499
575500
575501
575502
575503
575504
575505
575506
575507
575508
575509
575510
575511
575515
575518
575520
575521
575522
575523
575524
575525
575526
575527
575528
575530
575532
575533
575535
575536
575537
575538
575539
575540
575543
575544
575546
575547
575548
575549
575550
575552
575553
575554
575555
575556
575557
575558
575560
575562
575563
575564
575565
575567
575571
575572
575574
575579
575580
575582
575583
575586
575592
575594
575596
575598
575599
575603
575606
575613
575615
575617
575623
575640
575664
575678
575680
575695
575702
575703
575705
575707
575714
575739
575740
575741
575742
575743
575744
575745
575746
575753
575754
575756
575766
575771
575780
575784
575785
575786
575799
575806
575807
575811
575812
575814
575815
575835
575860
575870
575871
575872
575873
575874
575875
575876
575878
575888
575898
575902
575912
575917
575918
575925
575942
575947
575948
575953
575954
575955
575957
575958
575959
575960
575961
575963
575979
575981
575984
575985
575987
575991
575992
575994
575997
575998
575999
576000
576001
576002
576003
576004
576005
576007
576009
576010
576013
576018
576019
576021
576025
576029
576030
576032
576034
576035
576039
576040
576043
576046
576047
576048
576050
576051
576056
576057
576058
576060
576061
576062
576063
576065
576066
576067
576068
576071
576075
576077
576078
576080
576083
576085
576086
576089
576090
576091
576094
576095
576096
576098
576101
576103
576104
576105
576107
576108
576113
576114
576116
576117
576119
576120
576121
576123
576130
576132
576133
576134
576136
576138
576139
576140
576142
576143
576144
576145
576146
576148
576149
576151
576152
576153
576154
576156
576158
576161
576165
576166
576171
576172
576173
576175
576178
576180
576181
576183
576184
576185
576186
576187
576189
576190
576191
576193
576194
576196
576198
576199
576204
576205
576207
576208
576209
576211
576212
576215
576216
576217
576220
576222
576223
576227
576228
576231
576232
576234
576235
576236
576237
576238
576239
576240
576241
576242
576243
576244
576245
576246
576247
576248
576249
576250
576251
576252
576253
576254
576255
576256
576257
576258
576259
576260
576261
576262
576263
576264
576265
576266
576267
576268
576269
576270
576271
576272
576273
576274
576275
576276
576277
576278
576279
576280
576281
576282
576283
576284
576285
576286
576287
576288
576289
576290
576291
576292
576294
576295
576296
576297
576298
576299
576300
576301
576302
576303
576304
576305
576306
576307
576308
576309
576310
576311
576312
576313
576314
576315
576317
576318
576319
576320
576321
576322
576323
576324
576325
576326
576327
576328
576329
576330
576331
576332
576333
576334
576335
576336
576337
576338
576339
576340
576341
576342
576343
576344
576345
576346
576349
576350
576354
576357
576359
576361
576364
576365
576366
576369
576373
576375
576377
576378
576380
576381
576383
576384
576387
576388
576390
576391
576394
576395
576397
576398
576399
576400
576401
576402
576403
576404
576405
576407
576410
576413
576414
576421
576422
576423
576424
576426
576427
576429
576430
576431
576432
576433
576434
576437
576438
576439
576441
576442
576443
576447
576450
576452
576454
576456
576458
576461
576464
576466
576472
576477
576478
576481
576482
576485
576486
576489
576491
576493
576499
576504
576509
576510
576511
576512
576513
576518
576520
576522
576523
576526
576531
576532
576534
576535
576537
576539
576541
576542
576543
576545
576546
576548
576552
576555
576557
576561
576562
576566
576567
576570
576572
576575
576576
576579
576580
576581
576582
576583
576584
576585
576586
576587
576588
576589
576590
576591
576592
576593
576594
576595
576596
576597
576598
576599
576600
576601
576602
576603
576604
576605
576606
576607
576608
576609
576610
576611
576612
576613
576614
576615
576616
576617
576618
576619
576620
576621
576622
576623
576624
576625
576626
576627
576628
576629
576630
576631
576632
576633
576634
576635
576636
576637
576638
576640
576641
576642
576643
576644
576645
576646
576647
576649
576650
576651
576652
576653
576654
576656
576657
576659
576660
576661
576662
576663
576664
576665
576666
576667
576668
576669
576670
576671
576672
576675
576676
576677
576678
576679
576680
576681
576682
576683
576684
576685
576687
576691
576693
576694
576695
576696
576697
576698
576699
576700
576702
576703
576704
576705
576708
576709
576711
576715
576716
576717
576718
576719
576721
576722
576723
576725
576726
576727
576728
576729
576732
576733
576734
576736
576738
576742
576744
576745
576746
576748
576749
576750
576751
576753
576755
576756
576757
576758
576759
576760
576763
576765
576766
576767
576772
576773
576774
576775
576777
576780
576781
576782
576783
576784
576785
576786
576789
576793
576796
576798
576799
576800
576803
576804
576805
576806
576808
576810
576812
576813
576814
576816
576817
576818
576819
576820
576822
576824
576825
576826
576827
576830
576832
576835
576839
576844
576847
576850
576851
576852
576854
576855
576856
576857
576858
576859
576861
576862
576863
576867
576868
576869
576871
576872
576873
576878
576879
576881
576882
576883
576885
576886
576887
576888
576890
576893
576894
576895
576897
576900
576901
576902
576904
576911
576913
576914
576915
576917
576918
576921
576922
576924
576925
576926
576930
576931
576932
576933
576935
576937
576938
576940
576942
576943
576945
576948
576950
576951
576954
576955
576957
576958
576960
576961
576963
576964
576967
576968
576969
576971
576972
576973
576974
576976
576977
576978
576979
576981
576982
576983
576984
576986
576987
576988
576992
576993
576994
576997
577000
577002
577004
577007
577008
577012
577013
577018
577019
577020
577023
577026
577028
577029
577030
577033
577034
577035
577038
577039
577040
577043
577044
577045
577047
577050
577051
577053
577054
577055
577056
577058
577060
577061
577063
577064
577065
577066
577067
577070
577072
577073
577074
577076
577077
577078
577079
577080
577081
577084
577088
577089
577093
577095
577097
577099
577100
577101
577103
577105
577106
577107
577108
577109
577111
577112
577115
577116
577117
577120
577122
577123
577124
577125
577126
577128
577131
577132
577133
577134
577136
577140
577144
577145
577146
577149
577150
577151
577152
577157
577158
577160
577162
577163
577164
577170
577171
577172
577174
577175
577177
577180
577181
577182
577195
577196
577205
577216
577217
577241
581379
581486
581583
581584
581586
581587
581588
581592
581595
581600
581939
581940
581944
581945
581947
581949
581952
581955
581960
581961
581962
581963
581965
581966
581973
581974
581975
581977
581979
581981
581985
581986
581990
582036
582037
582039
582040
582044
582048
582052
582053
582055
582057
582058
582066
582068
582214
582228
582229
582231
582232
582233
582234
582235
582236
582241
582247
582248
582257
582276
582308
582316
582333
582334
582335
582337
582344
582351
582356
582408
582409
582417
582419
582423
582424
582429
582433
582436
582437
582546
582559
582562
582568
582573
582624
582625
582629
582637
582641
582646
582830
582837
582842
582854
582856
582862
582903
582904
582905
582909
582913
582916
582921
582934
582936
582942
582948
582954
583092
583094
583096
583104
583105
583106
583112
583123
583131
583166
583173
583174
583180
583183
583187
583189
583300
583301
583306
583318
583329
583370
583375
583387
583394
583397
583400
583401
583402
583411
583474
583487
583490
583529
583530
583531
583532
583534
583551
583568
583601
583603
583604
583607
583615
583621
583623
583629
583632
583641
583645
583647
583652
583653
583658
583661
583673
583675
583697
583706
583726
583730
583731
583736
583742
583747
583751
583772
583781
583792
583793
583801
583802
583816
583818
583825
583848
583870
583882
583915
583916
583949
583963
584023
584028
584029
584062
584065
584110
584114
584115
584122
584131
584147
584153
584154
584209
584212
584213
584269
584283
584284
584286
584287
584301
584312
584319
584329
584331
584421
584467
584483
584494
584522
584566
584567
584577
584587
584595
584606
584627
584642
584653
584657
584690
584691
584692
584695
584696
584697
584698
584703
584704
584707
584709
584710
584750
584759
584763
584764
584771
584773
584965
584968
585006
585054
585060
585078
585080
585087
585091
585092
585110
585121
585138
585147
585190
585206
585207
585211
585212
585213
585220
585225
585228
585233
585240
585242
585243
585259
585260
585264
585266
585267
585268
585276
585279
585280
585283
585286
585290
585291
585293
585295
585297
585298
585299
585305
585306
585307
585309
585310
585311
585312
585313
585315
585319
585321
585323
585324
585327
585329
585330
585332
585335
585336
585338
585339
585340
585342
585354
585355
585359
585360
585361
585371
585373
585374
585376
585378
585382
585384
585385
585388
585393
585397
585398
585399
585400
585401
585402
585404
585405
585406
585409
585410
585411
585412
585418
585419
585421
585423
585425
585435
585436
585437
585439
585440
585441
585444
585446
585448
585449
585450
585452
585453
585454
585456
585457
585459
585463
585464
585468
585469
585471
585472
585480
585481
585488
585494
585495
585497
585500
585504
585505
585507
585508
585510
585512
585513
585515
585516
585517
585518
585520
585521
585522
585527
585529
585530
585531
585532
585533
585535
585540
585541
585543
585547
585549
585550
585555
585556
585559
585562
585565
585566
585568
585569
585571
585572
585573
585574
585575
585576
585577
585579
585583
585586
585587
585597
585599
585600
585601
585603
585606
585610
585612
585614
585615
585616
585618
585619
585620
585621
585624
585627
585628
585630
585632
585637
585640
585641
585644
585646
585650
585652
585654
585655
585658
585659
585662
585663
585664
585665
585667
585669
585670
585671
585672
585673
585674
585676
585679
585682
585683
585686
585687
585688
585690
585691
585693
585698
585699
585700
585702
585704
585706
585708
585710
585716
585719
585722
585724
585728
585729
585730
585731
585732
585733
585735
585736
585737
585739
585740
585742
585743
585744
585745
585746
585747
585753
585755
585756
585758
585760
585763
585764
585765
585767
585771
585777
585779
585783
585784
585785
585786
585787
585788
585790
585794
585797
585798
585802
585803
585804
585806
585807
585812
585814
585820
585821
585823
585825
585826
585827
585829
585831
585833
585841
585846
585848
585849
585850
585852
585855
585856
585857
585862
585863
585864
585865
585866
585867
585870
585871
585872
585878
585880
585881
585883
585884
585885
585887
585889
585890
585891
585892
585893
585894
585898
585899
585900
585901
585902
585904
585905
585909
585911
585912
585913
585914
585916
585917
585918
585921
585922
585923
585926
585928
585929
585930
585931
585932
585933
585936
585939
585942
585943
585944
585948
585949
585952
585953
585956
585959
585960
585962
585963
585966
585967
585968
585969
585970
585971
585972
585973
585975
585976
585977
585979
585982
585983
585984
585986
585990
585992
585994
585996
585999
586003
586006
586007
586009
586010
586011
586012
586013
586016
586017
586019
586021
586022
586024
586026
586027
586031
586033
586035
586039
586040
586044
586045
586047
586048
586049
586053
586056
586058
586062
586063
586065
586066
586070
586073
586074
586075
586076
586077
586081
586083
586084
586086
586087
586090
586091
586092
586096
586101
586103
586105
586107
586110
586111
586112
586113
586116
586118
586119
586121
586123
586127
586128
586129
586130
586134
586135
586136
586137
586138
586140
586142
586146
586147
586149
586150
586152
586153
586155
586156
586160
586164
586166
586168
586170
586171
586172
586173
586174
586175
586176
586177
586178
586179
586180
586188
586189
586191
586194
586197
586198
586200
586202
586204
586208
586209
586211
586224
586225
586227
586228
586229
586234
586236
586240
586243
586244
586245
586246
586247
586251
586252
586254
586255
586256
586260
586263
586264
586265
586266
586269
586270
586271
586273
586277
586278
586279
586283
586284
586287
586288
586289
586290
586291
586294
586295
586298
586299
586306
586308
586311
586312
586313
586318
586319
586320
586322
586324
586326
586330
586331
586335
586336
586338
586339
586342
586343
586347
586348
586350
586351
586352
586354
586358
586361
586364
586371
586374
586375
586376
586378
586379
586381
586384
586388
586391
586393
586394
586403
586404
586406
586407
586409
586411
586412
586415
586417
586422
586431
586435
586440
586441
586442
586443
586444
586446
586449
586451
586452
586453
586455
586456
586457
586458
586465
586477
586478
586483
586485
586486
586491
586493
586495
586496
586499
586500
586501
586502
586504
586505
586506
586507
586508
586510
586511
586513
586515
586517
586522
586524
586527
586528
586529
586531
586532
586534
586535
586537
586539
586541
586542
586543
586546
586548
586549
586551
586553
586558
586559
586563
586564
586567
586568
586571
586577
586578
586579
586581
586583
586586
586587
586590
586591
586592
586593
586596
586597
586598
586601
586603
586605
586606
586608
586609
586611
586612
586614
586615
586617
586618
586619
586620
586621
586625
586628
586630
586631
586632
586633
586634
586635
586642
586643
586646
586647
586648
586656
586662
586667
586668
586672
586673
586675
586679
586680
586682
586683
586685
586697
586704
586715
586716
586717
586718
586719
586720
586721
586722
586724
586730
586731
586732
586733
586738
586739
586740
586741
586743
586749
586753
586755
586758
586759
586767
586772
586773
586786
586815
586820
586821
586824
586826
586833
586834
586836
586840
586844
586845
586852
586858
586859
586860
586862
586864
586865
586870
586873
586874
586877
586879
586880
586882
586883
586888
586890
586892
586893
586897
586900
586901
586902
586903
586904
586905
586908
586909
586912
586914
586915
586916
586917
586919
586925
586926
586930
586938
586942
586953
586974
586977
586978
586990
586993
586997
587001
587007
587013
587015
587017
587032
587033
587036
587038
587040
587043
587046
587051
587052
587053
587055
587058
587062
587070
587072
587074
587075
587076
587082
587083
587087
587090
587091
587092
587098
587100
587101
587103
587110
587113
587114
587116
587119
587121
587122
587125
587131
587132
587138
587143
587145
587146
587148
587155
587159
587161
587163
587170
587171
587172
587173
587174
587176
587187
587188
587191
587200
587205
587206
587207
587221
587224
587225
587227
587231
587232
587242
587245
587247
587249
587250
587256
587263
587264
587265
587269
587271
587275
587277
587282
587283
587284
587285
587291
587292
587295
587308
587309
587310
587315
587317
587320
587322
587324
587336
587339
587341
587343
587350
587357
587359
587361
587382
587383
587389
587394
587396
587398
587420
587421
587422
587423
587428
587433
587438
587449
587450
587457
587469
587470
587486
587509
587529
